1 342 687 23
2 916 254 76
3 578 132 45
4 214 795 61
5 689 461 37
6 127 539 82
7 845 316 54
8 463 972 19
9 201 658 93
10 736 124 67
11 519 847 42
12 284 615 88
13 657 392 31
14 931 206 75
15 146 783 59
16 502 439 96
17 875 561 24
18 369 217 71
19 624 895 48
20 187 452 83
21 543 736 36
22 912 169 64
23 258 604 52
24 791 347 27
25 435 982 91
26 617 275 43
27 302 514 79
28 869 156 38
29 523 741 66
30 176 389 55
31 948 612 22
32 264 837 97
33 581 495 49
34 739 263 84
35 415 670 31
36 892 147 76
37 356 925 58
38 647 513 41
39 183 796 69
40 562 238 95
41 827 461 33
42 291 574 87
43 638 915 46
44 475 132 72
45 914 687 29
46 246 503 81
47 769 356 57
48 532 891 44
49 107 245 98
50 683 472 35
51 419 628 63
52 856 194 51
53 275 537 86
54 641 379 42
55 197 826 74
56 524 461 38
57 962 715 53
58 386 239 91
59 714 582 26
60 259 943 67
61 837 116 49
62 472 695 82
63 615 347 31
64 143 879 56
65 896 521 44
66 327 764 77
67 581 203 92
68 249 536 68
69 735 891 37
70 468 172 85
71 612 739 50
72 294 516 63
73 857 384 41
74 176 629 96
75 543 217 54
76 921 675 29
77 389 742 88
78 652 135 47
79 217 894 72
80 936 461 33
81 475 328 79
82 618 752 56
83 294 617 91
84 761 239 45
85 532 906 68
86 147 485 37
87 689 214 82
88 416 573 51
89 875 132 26
90 259 741 94
91 637 389 62
92 514 876 48
93 782 235 71
94 326 597 39
95 961 442 83
96 487 169 55
97 215 834 67
98 643 512 44
99 879 276 92
