1 456 723 42
2 789 214 73
3 123 567 56
4 902 381 89
5 276 645 34
6 514 192 67
7 837 459 91
8 169 705 12
9 592 246 78
10 435 813 45
11 716 357 23
12 281 594 56
13 649 127 67
14 527 836 34
15 943 265 89
16 198 472 12
17 635 791 45
18 374 516 78
19 862 239 23
20 246 687 56
21 519 413 34
22 796 152 67
23 327 581 91
24 684 239 12
25 152 476 45
26 539 708 78
27 871 324 23
28 416 597 56
29 237 845 34
30 693 482 89
31 159 623 12
32 827 196 45
33 472 351 78
34 615 794 23
35 286 539 56
36 941 217 34
37 524 876 89
38 179 462 12
39 637 295 45
40 412 718 78
41 756 431 23
42 293 586 56
43 867 139 34
44 516 792 89
45 241 657 12
46 579 324 45
47 392 815 78
48 934 267 23
49 168 543 56
50 725 491 34
51 487 916 89
52 239 672 12
53 614 358 45
54 381 795 78
55 892 246 23
56 527 169 56
57 763 412 34
58 315 687 89
59 648 235 12
60 196 574 45
61 532 819 78
62 879 457 23
63 247 693 56
64 615 381 34
65 436 527 89
66 172 896 12
67 594 213 45
68 827 546 78
69 359 672 23
70 681 297 56
71 425 836 34
72 796 415 89
73 238 579 12
74 512 146 45
75 867 392 78
76 394 715 23
77 159 283 56
78 642 517 34
79 276 849 89
80 593 231 12
81 825 476 45
82 317 694 78
83 679 152 23
84 246 538 56
85 514 379 34
86 937 216 89
87 182 765 12
88 469 612 45
89 821 347 78
90 437 896 23
91 612 284 56
92 259 647 34
93 746 512 89
94 193 781 12
95 537 219 45
96 882 635 78
97 418 167 23
98 694 529 56
99 237 894 34
