1 723 456 42
2 291 847 73
3 614 209 56
4 982 135 89
5 457 891 34
6 126 542 67
7 839 376 91
8 205 763 12
9 671 524 78
10 394 186 45
11 567 902 23
12 248 615 56
13 735 129 67
14 516 784 34
15 892 347 89
16 163 576 12
17 624 891 45
18 409 237 78
19 756 512 23
20 187 645 56
21 532 179 34
22 945 812 67
23 278 436 91
24 613 791 12
25 346 589 45
26 159 704 78
27 837 265 23
28 492 617 56
29 176 893 34
30 725 408 89
31 301 542 12
32 964 176 45
33 587 239 78
34 412 796 23
35 139 625 56
36 876 453 34
37 254 917 89
38 631 182 12
39 508 746 45
40 193 379 78
41 742 515 23
42 467 238 56
43 915 681 34
44 286 594 89
45 659 127 12
46 524 836 45
47 371 469 78
48 802 593 23
49 146 712 56
50 637 281 34
51 459 926 89
52 213 547 12
53 786 394 45
54 532 179 78
55 917 635 23
56 268 491 56
57 644 812 34
58 395 157 89
59 731 524 12
60 186 903 45
61 549 276 78
62 892 431 23
63 317 685 56
64 675 239 34
65 428 576 89
66 193 847 12
67 536 412 45
68 879 156 78
69 247 593 23
70 614 729 56
71 382 915 34
72 756 287 89
73 519 642 12
74 235 178 45
75 891 526 78
76 467 893 23
77 124 357 56
78 639 714 34
79 281 496 89
80 572 231 12
81 816 579 45
82 359 842 78
83 694 167 23
84 237 605 56
85 502 379 34
86 945 216 89
87 163 734 12
88 477 591 45
89 829 352 78
90 396 817 23
91 612 284 56
92 258 639 34
93 741 495 89
94 185 762 12
95 536 217 45
96 879 643 78
97 412 159 23
98 697 526 56
99 234 891 34
